38.3248673787482 0.594447890716404
38.5090074756022 -14.8683254437688
-41.7998629858466 8.97018153279012
47.0732562621633 -15.8412744926295
-41.9007082080603 -15.0342832693029
42.62864069181 -4.41979319216895
-28.5065118156032 -3.93638138318401
57.9371737157125 14.0713943668176
48.6611778979651 -17.0332514302398
47.2157187457854 -13.0784099425074
50.764997190202 -10.7075809313487
-47.283620661189 3.76285109550726
52.0088700864515 -5.73073364488863
8.92821276329437 53.0565386336846
47.3202460822137 -21.7516663949623
56.153150866568 -10.8226478254709
-29.7154455798136 6.41749904239605
-29.7752693094478 -0.840510044374603
-27.6333838625083 4.18697556534143
36.7247723922161 -0.45509554621608
55.9584135168963 -0.323880554300978
-33.0607118240404 8.70016603219657
49.512231035824 -20.0361418685417
44.0784758802958 -4.65382171684619
35.1827272385515 -11.308778153834
-22.3513119802689 10.4785828225086
11.3872905084661 47.0958459101188
